Rw=9.9984628826577793e-01 1.2635359098409581e-03 -1.7487233004436643e-02 -1.4779096108364480e-03 9.9992385683542895e-01 -1.2251380107679535e-02 1.7470421412464927e-02 1.2275341476520762e-02 9.9977202419716948e-01
Tw=1.9985242312092553e+01 -7.4423738761617583e-01 -1.0916736334336222e+01




